16 2 3 0
16 ~2 ~3 0
16 3 4 0
16 ~3 ~4 0
16 4 5 0
16 ~4 ~5 0
16 5 6 0
16 ~5 ~6 0
16 6 7 0
16 ~6 ~7 0
16 7 8 0
16 ~7 ~8 0
16 8 9 0
16 ~8 ~9 0
16 9 10 0
16 ~9 ~10 0
16 10 11 0
16 ~10 ~11 0
16 11 12 0
16 ~11 ~12 0
16 12 13 0
16 ~12 ~13 0
16 13 14 0
16 ~13 ~14 0
16 14 15 0
16 ~14 ~15 0
16 15 16 0
16 ~15 ~16 0
16 16 17 0
16 ~16 ~17 0
16 17 18 0
16 ~17 ~18 0
16 18 19 0
16 ~18 ~19 0
16 19 20 0
16 ~19 ~20 0
16 20 21 0
16 ~20 ~21 0
16 21 22 0
16 ~21 ~22 0
16 22 23 0
16 ~22 ~23 0
16 23 24 0
16 ~23 ~24 0
16 24 25 0
16 ~24 ~25 0
16 25 26 0
16 ~25 ~26 0
16 26 27 0
16 ~26 ~27 0
16 27 28 0
16 ~27 ~28 0
16 28 29 0
16 ~28 ~29 0
16 29 30 0
16 ~29 ~30 0
16 30 31 0
16 ~30 ~31 0
16 31 32 0
16 ~31 ~32 0
16 32 33 0
16 ~32 ~33 0
16 33 34 0
16 ~33 ~34 0
16 34 35 0
16 ~34 ~35 0
16 35 36 0
16 ~35 ~36 0
16 36 37 0
16 ~36 ~37 0
16 37 38 0
16 ~37 ~38 0
16 38 39 0
16 ~38 ~39 0
16 39 40 0
16 ~39 ~40 0
16 40 41 0
16 ~40 ~41 0
16 41 42 0
16 ~41 ~42 0
16 42 43 0
16 ~42 ~43 0
16 43 44 0
16 ~43 ~44 0
16 44 45 0
16 ~44 ~45 0
16 45 46 0
16 ~45 ~46 0
16 46 47 0
16 ~46 ~47 0
16 47 48 0
16 ~47 ~48 0
16 48 49 0
16 ~48 ~49 0
16 49 50 0
16 ~49 ~50 0
16 50 51 0
16 ~50 ~51 0
16 51 52 0
16 ~51 ~52 0
16 52 53 0
16 ~52 ~53 0
16 53 54 0
16 ~53 ~54 0
16 54 55 0
16 ~54 ~55 0
16 55 56 0
16 ~55 ~56 0
16 56 57 0
16 ~56 ~57 0
16 57 58 0
16 ~57 ~58 0
16 58 59 0
16 ~58 ~59 0
16 59 60 0
16 ~59 ~60 0
16 60 61 0
16 ~60 ~61 0
16 61 62 0
16 ~61 ~62 0
16 62 63 0
16 ~62 ~63 0
16 63 64 0
16 ~63 ~64 0
16 64 65 0
16 ~64 ~65 0
16 65 66 0
16 ~65 ~66 0
16 66 67 0
16 ~66 ~67 0
16 67 68 0
16 ~67 ~68 0
16 68 69 0
16 ~68 ~69 0
16 69 70 0
16 ~69 ~70 0
16 70 71 0
16 ~70 ~71 0
16 71 72 0
16 ~71 ~72 0
16 72 73 0
16 ~72 ~73 0
16 73 74 0
16 ~73 ~74 0
16 74 75 0
16 ~74 ~75 0
16 75 76 0
16 ~75 ~76 0
16 76 77 0
16 ~76 ~77 0
16 77 78 0
16 ~77 ~78 0
16 78 79 0
16 ~78 ~79 0
16 79 80 0
16 ~79 ~80 0
16 80 81 0
16 ~80 ~81 0
16 81 82 0
16 ~81 ~82 0
16 82 83 0
16 ~82 ~83 0
16 83 84 0
16 ~83 ~84 0
16 84 85 0
16 ~84 ~85 0
16 85 86 0
16 ~85 ~86 0
16 86 87 0
16 ~86 ~87 0
16 87 88 0
16 ~87 ~88 0
16 88 89 0
16 ~88 ~89 0
16 89 90 0
16 ~89 ~90 0
16 90 91 0
16 ~90 ~91 0
16 91 92 0
16 ~91 ~92 0
16 92 93 0
16 ~92 ~93 0
16 93 94 0
16 ~93 ~94 0
16 94 95 0
16 ~94 ~95 0
16 95 96 0
16 ~95 ~96 0
16 96 97 0
16 ~96 ~97 0
16 97 98 0
16 ~97 ~98 0
16 98 99 0
16 ~98 ~99 0
16 99 100 0
16 ~99 ~100 0
16 100 101 0
16 ~100 ~101 0
16 101 102 0
16 ~101 ~102 0
16 102 103 0
16 ~102 ~103 0
16 103 104 0
16 ~103 ~104 0
16 104 105 0
16 ~104 ~105 0
16 105 106 0
16 ~105 ~106 0
16 106 107 0
16 ~106 ~107 0
16 107 108 0
16 ~107 ~108 0
16 108 109 0
16 ~108 ~109 0
16 109 110 0
16 ~109 ~110 0
16 110 111 0
16 ~110 ~111 0
16 111 112 0
16 ~111 ~112 0
16 112 113 0
16 ~112 ~113 0
16 113 114 0
16 ~113 ~114 0
16 114 115 0
16 ~114 ~115 0
16 115 116 0
16 ~115 ~116 0
16 116 117 0
16 ~116 ~117 0
16 117 118 0
16 ~117 ~118 0
16 118 119 0
16 ~118 ~119 0
16 119 120 0
16 ~119 ~120 0
16 120 121 0
16 ~120 ~121 0
16 121 122 0
16 ~121 ~122 0
16 122 123 0
16 ~122 ~123 0
16 123 124 0
16 ~123 ~124 0
16 124 125 0
16 ~124 ~125 0
16 125 126 0
16 ~125 ~126 0
16 126 127 0
16 ~126 ~127 0
16 127 128 0
16 ~127 ~128 0
16 128 129 0
16 ~128 ~129 0
16 129 130 0
16 ~129 ~130 0
16 130 131 0
16 ~130 ~131 0
16 131 132 0
16 ~131 ~132 0
16 132 133 0
16 ~132 ~133 0
16 133 134 0
16 ~133 ~134 0
16 134 135 0
16 ~134 ~135 0
16 135 136 0
16 ~135 ~136 0
16 136 137 0
16 ~136 ~137 0
16 137 138 0
16 ~137 ~138 0
16 138 139 0
16 ~138 ~139 0
16 139 140 0
16 ~139 ~140 0
16 140 141 0
16 ~140 ~141 0
16 141 142 0
16 ~141 ~142 0
16 142 143 0
16 ~142 ~143 0
16 143 144 0
16 ~143 ~144 0
16 144 145 0
16 ~144 ~145 0
16 145 146 0
16 ~145 ~146 0
16 146 147 0
16 ~146 ~147 0
16 147 148 0
16 ~147 ~148 0
16 148 149 0
16 ~148 ~149 0
16 149 150 0
16 ~149 ~150 0
16 150 151 0
16 ~150 ~151 0
16 151 152 0
16 ~151 ~152 0
16 152 153 0
16 ~152 ~153 0
16 153 154 0
16 ~153 ~154 0
16 154 155 0
16 ~154 ~155 0
16 155 156 0
16 ~155 ~156 0
16 156 157 0
16 ~156 ~157 0
16 157 158 0
16 ~157 ~158 0
16 158 159 0
16 ~158 ~159 0
16 159 160 0
16 ~159 ~160 0
16 160 161 0
16 ~160 ~161 0
16 161 162 0
16 ~161 ~162 0
16 162 163 0
16 ~162 ~163 0
16 163 164 0
16 ~163 ~164 0
16 164 165 0
16 ~164 ~165 0
16 165 166 0
16 ~165 ~166 0
16 166 167 0
16 ~166 ~167 0
16 167 168 0
16 ~167 ~168 0
16 168 169 0
16 ~168 ~169 0
16 169 170 0
16 ~169 ~170 0
16 170 171 0
16 ~170 ~171 0
16 171 172 0
16 ~171 ~172 0
16 172 173 0
16 ~172 ~173 0
16 173 174 0
16 ~173 ~174 0
16 174 175 0
16 ~174 ~175 0
16 175 176 0
16 ~175 ~176 0
16 176 177 0
16 ~176 ~177 0
16 177 178 0
16 ~177 ~178 0
16 178 179 0
16 ~178 ~179 0
16 179 180 0
16 ~179 ~180 0
16 180 181 0
16 ~180 ~181 0
16 181 182 0
16 ~181 ~182 0
16 182 183 0
16 ~182 ~183 0
16 183 184 0
16 ~183 ~184 0
16 184 185 0
16 ~184 ~185 0
16 185 186 0
16 ~185 ~186 0
16 186 187 0
16 ~186 ~187 0
16 187 188 0
16 ~187 ~188 0
16 188 189 0
16 ~188 ~189 0
16 189 190 0
16 ~189 ~190 0
16 190 191 0
16 ~190 ~191 0
16 191 192 0
16 ~191 ~192 0
16 192 193 0
16 ~192 ~193 0
16 193 194 0
16 ~193 ~194 0
16 194 195 0
16 ~194 ~195 0
16 195 196 0
16 ~195 ~196 0
16 196 197 0
16 ~196 ~197 0
16 197 198 0
16 ~197 ~198 0
16 198 199 0
16 ~198 ~199 0
16 199 200 0
16 ~199 ~200 0
16 200 201 0
16 ~200 ~201 0
16 201 202 0
16 ~201 ~202 0
16 202 203 0
16 ~202 ~203 0
16 203 204 0
16 ~203 ~204 0
16 204 205 0
16 ~204 ~205 0
16 205 206 0
16 ~205 ~206 0
16 206 207 0
16 ~206 ~207 0
16 207 208 0
16 ~207 ~208 0
16 208 209 0
16 ~208 ~209 0
16 209 210 0
16 ~209 ~210 0
16 210 211 0
16 ~210 ~211 0
16 211 212 0
16 ~211 ~212 0
16 212 213 0
16 ~212 ~213 0
16 213 214 0
16 ~213 ~214 0
16 214 215 0
16 ~214 ~215 0
16 215 216 0
16 ~215 ~216 0
16 216 217 0
16 ~216 ~217 0
16 217 218 0
16 ~217 ~218 0
16 218 219 0
16 ~218 ~219 0
16 219 220 0
16 ~219 ~220 0
16 220 221 0
16 ~220 ~221 0
16 221 222 0
16 ~221 ~222 0
16 222 223 0
16 ~222 ~223 0
16 223 224 0
16 ~223 ~224 0
16 224 225 0
16 ~224 ~225 0
16 225 226 0
16 ~225 ~226 0
16 226 227 0
16 ~226 ~227 0
16 227 228 0
16 ~227 ~228 0
16 228 229 0
16 ~228 ~229 0
16 229 230 0
16 ~229 ~230 0
16 230 231 0
16 ~230 ~231 0
16 231 232 0
16 ~231 ~232 0
16 232 233 0
16 ~232 ~233 0
16 233 234 0
16 ~233 ~234 0
16 234 235 0
16 ~234 ~235 0
16 235 236 0
16 ~235 ~236 0
16 236 237 0
16 ~236 ~237 0
16 237 238 0
16 ~237 ~238 0
16 238 239 0
16 ~238 ~239 0
16 239 240 0
16 ~239 ~240 0
16 240 241 0
16 ~240 ~241 0
16 241 242 0
16 ~241 ~242 0
16 242 243 0
16 ~242 ~243 0
16 243 244 0
16 ~243 ~244 0
16 244 245 0
16 ~244 ~245 0
16 245 246 0
16 ~245 ~246 0
16 246 247 0
16 ~246 ~247 0
16 247 248 0
16 ~247 ~248 0
16 248 249 0
16 ~248 ~249 0
16 249 250 0
16 ~249 ~250 0
16 250 251 0
16 ~250 ~251 0
16 251 252 0
16 ~251 ~252 0
16 252 253 0
16 ~252 ~253 0
16 253 254 0
16 ~253 ~254 0
16 254 255 0
16 ~254 ~255 0
16 255 256 0
16 ~255 ~256 0
16 256 257 0
16 ~256 ~257 0
16 257 258 0
16 ~257 ~258 0
16 258 259 0
16 ~258 ~259 0
16 259 260 0
16 ~259 ~260 0
16 260 261 0
16 ~260 ~261 0
16 261 262 0
16 ~261 ~262 0
16 262 263 0
16 ~262 ~263 0
16 263 264 0
16 ~263 ~264 0
16 264 265 0
16 ~264 ~265 0
16 265 266 0
16 ~265 ~266 0
16 266 267 0
16 ~266 ~267 0
16 267 268 0
16 ~267 ~268 0
16 268 269 0
16 ~268 ~269 0
16 269 270 0
16 ~269 ~270 0
16 270 271 0
16 ~270 ~271 0
16 271 272 0
16 ~271 ~272 0
16 272 273 0
16 ~272 ~273 0
16 273 274 0
16 ~273 ~274 0
16 274 275 0
16 ~274 ~275 0
16 275 276 0
16 ~275 ~276 0
16 276 277 0
16 ~276 ~277 0
16 277 278 0
16 ~277 ~278 0
16 278 279 0
16 ~278 ~279 0
16 279 280 0
16 ~279 ~280 0
16 280 281 0
16 ~280 ~281 0
16 281 282 0
16 ~281 ~282 0
16 282 283 0
16 ~282 ~283 0
16 283 284 0
16 ~283 ~284 0
16 284 285 0
16 ~284 ~285 0
16 285 286 0
16 ~285 ~286 0
16 286 287 0
16 ~286 ~287 0
16 287 288 0
16 ~287 ~288 0
16 288 289 0
16 ~288 ~289 0
16 289 290 0
16 ~289 ~290 0
16 290 291 0
16 ~290 ~291 0
16 291 292 0
16 ~291 ~292 0
16 292 293 0
16 ~292 ~293 0
16 293 294 0
16 ~293 ~294 0
16 294 295 0
16 ~294 ~295 0
16 295 296 0
16 ~295 ~296 0
16 296 297 0
16 ~296 ~297 0
16 297 298 0
16 ~297 ~298 0
16 298 299 0
16 ~298 ~299 0
16 299 300 0
16 ~299 ~300 0
16 300 301 0
16 ~300 ~301 0
16 301 302 0
16 ~301 ~302 0
16 302 303 0
16 ~302 ~303 0
16 303 304 0
16 ~303 ~304 0
16 304 305 0
16 ~304 ~305 0
16 305 306 0
16 ~305 ~306 0
16 306 307 0
16 ~306 ~307 0
16 307 308 0
16 ~307 ~308 0
16 308 309 0
16 ~308 ~309 0
16 309 310 0
16 ~309 ~310 0
16 310 311 0
16 ~310 ~311 0
16 311 312 0
16 ~311 ~312 0
16 312 313 0
16 ~312 ~313 0
16 313 314 0
16 ~313 ~314 0
16 314 315 0
16 ~314 ~315 0
16 315 316 0
16 ~315 ~316 0
16 316 317 0
16 ~316 ~317 0
16 317 318 0
16 ~317 ~318 0
16 318 319 0
16 ~318 ~319 0
16 319 320 0
16 ~319 ~320 0
16 320 321 0
16 ~320 ~321 0
16 321 322 0
16 ~321 ~322 0
16 322 323 0
16 ~322 ~323 0
16 323 324 0
16 ~323 ~324 0
16 324 325 0
16 ~324 ~325 0
16 325 326 0
16 ~325 ~326 0
16 326 327 0
16 ~326 ~327 0
16 327 328 0
16 ~327 ~328 0
16 328 329 0
16 ~328 ~329 0
16 329 330 0
16 ~329 ~330 0
16 330 331 0
16 ~330 ~331 0
16 331 332 0
16 ~331 ~332 0
16 332 333 0
16 ~332 ~333 0
16 333 334 0
16 ~333 ~334 0
16 334 335 0
16 ~334 ~335 0
16 335 336 0
16 ~335 ~336 0
16 336 337 0
16 ~336 ~337 0
16 337 338 0
16 ~337 ~338 0
16 338 339 0
16 ~338 ~339 0
16 339 340 0
16 ~339 ~340 0
16 340 341 0
16 ~340 ~341 0
16 341 342 0
16 ~341 ~342 0
16 342 343 0
16 ~342 ~343 0
16 343 344 0
16 ~343 ~344 0
16 344 345 0
16 ~344 ~345 0
16 345 346 0
16 ~345 ~346 0
16 346 347 0
16 ~346 ~347 0
16 347 348 0
16 ~347 ~348 0
16 348 349 0
16 ~348 ~349 0
16 349 350 0
16 ~349 ~350 0
16 350 351 0
16 ~350 ~351 0
16 351 352 0
16 ~351 ~352 0
16 352 353 0
16 ~352 ~353 0
16 353 354 0
16 ~353 ~354 0
16 354 355 0
16 ~354 ~355 0
16 355 356 0
16 ~355 ~356 0
16 356 357 0
16 ~356 ~357 0
16 357 358 0
16 ~357 ~358 0
16 358 359 0
16 ~358 ~359 0
16 359 360 0
16 ~359 ~360 0
16 360 361 0
16 ~360 ~361 0
16 361 362 0
16 ~361 ~362 0
16 362 363 0
16 ~362 ~363 0
16 363 364 0
16 ~363 ~364 0
16 364 365 0
16 ~364 ~365 0
16 365 366 0
16 ~365 ~366 0
16 366 367 0
16 ~366 ~367 0
16 367 368 0
16 ~367 ~368 0
16 368 369 0
16 ~368 ~369 0
16 369 370 0
16 ~369 ~370 0
16 370 371 0
16 ~370 ~371 0
16 371 372 0
16 ~371 ~372 0
16 372 373 0
16 ~372 ~373 0
16 373 374 0
16 ~373 ~374 0
16 374 375 0
16 ~374 ~375 0
16 375 376 0
16 ~375 ~376 0
16 376 377 0
16 ~376 ~377 0
16 377 378 0
16 ~377 ~378 0
16 378 379 0
16 ~378 ~379 0
16 379 380 0
16 ~379 ~380 0
16 380 381 0
16 ~380 ~381 0
16 381 382 0
16 ~381 ~382 0
16 382 383 0
16 ~382 ~383 0
16 383 384 0
16 ~383 ~384 0
16 384 385 0
16 ~384 ~385 0
16 385 386 0
16 ~385 ~386 0
16 386 387 0
16 ~386 ~387 0
16 387 388 0
16 ~387 ~388 0
16 388 389 0
16 ~388 ~389 0
16 389 390 0
16 ~389 ~390 0
16 390 391 0
16 ~390 ~391 0
16 391 392 0
16 ~391 ~392 0
16 392 393 0
16 ~392 ~393 0
16 393 394 0
16 ~393 ~394 0
16 394 395 0
16 ~394 ~395 0
16 395 396 0
16 ~395 ~396 0
16 396 397 0
16 ~396 ~397 0
16 397 398 0
16 ~397 ~398 0
16 398 399 0
16 ~398 ~399 0
16 399 400 0
16 ~399 ~400 0
16 400 401 0
16 ~400 ~401 0
16 401 402 0
16 ~401 ~402 0
16 402 403 0
16 ~402 ~403 0
16 403 404 0
16 ~403 ~404 0
16 404 405 0
16 ~404 ~405 0
16 405 406 0
16 ~405 ~406 0
16 406 407 0
16 ~406 ~407 0
16 407 408 0
16 ~407 ~408 0
16 408 409 0
16 ~408 ~409 0
16 409 410 0
16 ~409 ~410 0
16 410 411 0
16 ~410 ~411 0
16 411 412 0
16 ~411 ~412 0
16 412 413 0
16 ~412 ~413 0
16 413 414 0
16 ~413 ~414 0
16 414 415 0
16 ~414 ~415 0
16 415 416 0
16 ~415 ~416 0
16 416 417 0
16 ~416 ~417 0
16 417 418 0
16 ~417 ~418 0
16 418 419 0
16 ~418 ~419 0
16 419 420 0
16 ~419 ~420 0
16 420 421 0
16 ~420 ~421 0
16 421 422 0
16 ~421 ~422 0
16 422 423 0
16 ~422 ~423 0
16 423 424 0
16 ~423 ~424 0
16 424 425 0
16 ~424 ~425 0
16 425 426 0
16 ~425 ~426 0
16 426 427 0
16 ~426 ~427 0
16 427 428 0
16 ~427 ~428 0
16 428 429 0
16 ~428 ~429 0
16 429 430 0
16 ~429 ~430 0
16 430 431 0
16 ~430 ~431 0
16 431 432 0
16 ~431 ~432 0
16 432 433 0
16 ~432 ~433 0
16 433 434 0
16 ~433 ~434 0
16 434 435 0
16 ~434 ~435 0
16 435 436 0
16 ~435 ~436 0
16 436 437 0
16 ~436 ~437 0
16 437 438 0
16 ~437 ~438 0
16 438 439 0
16 ~438 ~439 0
16 439 440 0
16 ~439 ~440 0
16 440 441 0
16 ~440 ~441 0
16 441 442 0
16 ~441 ~442 0
16 442 443 0
16 ~442 ~443 0
16 443 444 0
16 ~443 ~444 0
16 444 445 0
16 ~444 ~445 0
16 445 446 0
16 ~445 ~446 0
16 446 447 0
16 ~446 ~447 0
16 447 448 0
16 ~447 ~448 0
16 448 449 0
16 ~448 ~449 0
16 449 450 0
16 ~449 ~450 0
16 450 451 0
16 ~450 ~451 0
16 451 452 0
16 ~451 ~452 0
16 452 453 0
16 ~452 ~453 0
16 453 454 0
16 ~453 ~454 0
16 454 455 0
16 ~454 ~455 0
16 455 456 0
16 ~455 ~456 0
16 456 457 0
16 ~456 ~457 0
16 457 458 0
16 ~457 ~458 0
16 458 459 0
16 ~458 ~459 0
16 459 460 0
16 ~459 ~460 0
16 460 461 0
16 ~460 ~461 0
16 461 462 0
16 ~461 ~462 0
16 462 463 0
16 ~462 ~463 0
16 463 464 0
16 ~463 ~464 0
16 464 465 0
16 ~464 ~465 0
16 465 466 0
16 ~465 ~466 0
16 466 467 0
16 ~466 ~467 0
16 467 468 0
16 ~467 ~468 0
16 468 469 0
16 ~468 ~469 0
16 469 470 0
16 ~469 ~470 0
16 470 471 0
16 ~470 ~471 0
16 471 472 0
16 ~471 ~472 0
16 472 473 0
16 ~472 ~473 0
16 473 474 0
16 ~473 ~474 0
16 474 475 0
16 ~474 ~475 0
16 475 476 0
16 ~475 ~476 0
16 476 477 0
16 ~476 ~477 0
16 477 478 0
16 ~477 ~478 0
16 478 479 0
16 ~478 ~479 0
16 479 480 0
16 ~479 ~480 0
16 480 481 0
16 ~480 ~481 0
16 481 482 0
16 ~481 ~482 0
16 482 483 0
16 ~482 ~483 0
16 483 484 0
16 ~483 ~484 0
16 484 485 0
16 ~484 ~485 0
16 485 486 0
16 ~485 ~486 0
16 486 487 0
16 ~486 ~487 0
16 487 488 0
16 ~487 ~488 0
16 488 489 0
16 ~488 ~489 0
16 489 490 0
16 ~489 ~490 0
16 490 491 0
16 ~490 ~491 0
16 491 492 0
16 ~491 ~492 0
16 492 493 0
16 ~492 ~493 0
16 493 494 0
16 ~493 ~494 0
16 494 495 0
16 ~494 ~495 0
16 495 496 0
16 ~495 ~496 0
16 496 497 0
16 ~496 ~497 0
16 497 498 0
16 ~497 ~498 0
16 498 499 0
16 ~498 ~499 0
16 499 500 0
16 ~499 ~500 0
16 500 501 0
16 ~500 ~501 0
16 501 502 0
16 ~501 ~502 0
16 502 503 0
16 ~502 ~503 0
16 503 504 0
16 ~503 ~504 0
16 504 505 0
16 ~504 ~505 0
16 505 506 0
16 ~505 ~506 0
16 506 507 0
16 ~506 ~507 0
16 507 508 0
16 ~507 ~508 0
16 508 509 0
16 ~508 ~509 0
16 509 510 0
16 ~509 ~510 0
16 510 511 0
16 ~510 ~511 0
16 511 512 0
16 ~511 ~512 0
16 512 513 0
16 ~512 ~513 0
16 513 514 0
16 ~513 ~514 0
16 514 515 0
16 ~514 ~515 0
16 515 516 0
16 ~515 ~516 0
16 516 517 0
16 ~516 ~517 0
16 517 518 0
16 ~517 ~518 0
16 518 519 0
16 ~518 ~519 0
16 519 520 0
16 ~519 ~520 0
16 520 521 0
16 ~520 ~521 0
16 521 522 0
16 ~521 ~522 0
16 522 523 0
16 ~522 ~523 0
16 523 524 0
16 ~523 ~524 0
16 524 525 0
16 ~524 ~525 0
16 525 526 0
16 ~525 ~526 0
16 526 527 0
16 ~526 ~527 0
16 527 528 0
16 ~527 ~528 0
16 528 529 0
16 ~528 ~529 0
16 529 530 0
16 ~529 ~530 0
16 530 531 0
16 ~530 ~531 0
16 531 532 0
16 ~531 ~532 0
16 532 533 0
16 ~532 ~533 0
16 533 534 0
16 ~533 ~534 0
16 534 535 0
16 ~534 ~535 0
16 535 536 0
16 ~535 ~536 0
16 536 537 0
16 ~536 ~537 0
16 537 538 0
16 ~537 ~538 0
16 538 539 0
16 ~538 ~539 0
16 539 540 0
16 ~539 ~540 0
16 540 541 0
16 ~540 ~541 0
16 541 542 0
16 ~541 ~542 0
16 542 543 0
16 ~542 ~543 0
16 543 544 0
16 ~543 ~544 0
16 544 545 0
16 ~544 ~545 0
16 545 546 0
16 ~545 ~546 0
16 546 547 0
16 ~546 ~547 0
16 547 548 0
16 ~547 ~548 0
16 548 549 0
16 ~548 ~549 0
16 549 550 0
16 ~549 ~550 0
16 550 551 0
16 ~550 ~551 0
16 551 552 0
16 ~551 ~552 0
16 552 553 0
16 ~552 ~553 0
16 553 554 0
16 ~553 ~554 0
16 554 555 0
16 ~554 ~555 0
16 555 556 0
16 ~555 ~556 0
16 556 557 0
16 ~556 ~557 0
16 557 558 0
16 ~557 ~558 0
16 558 559 0
16 ~558 ~559 0
16 559 560 0
16 ~559 ~560 0
16 560 561 0
16 ~560 ~561 0
16 561 562 0
16 ~561 ~562 0
16 562 563 0
16 ~562 ~563 0
16 563 564 0
16 ~563 ~564 0
16 564 565 0
16 ~564 ~565 0
16 565 566 0
16 ~565 ~566 0
16 566 567 0
16 ~566 ~567 0
16 567 568 0
16 ~567 ~568 0
16 568 569 0
16 ~568 ~569 0
16 569 570 0
16 ~569 ~570 0
16 570 571 0
16 ~570 ~571 0
16 571 572 0
16 ~571 ~572 0
16 572 573 0
16 ~572 ~573 0
16 573 574 0
16 ~573 ~574 0
16 574 575 0
16 ~574 ~575 0
16 575 576 0
16 ~575 ~576 0
16 576 577 0
16 ~576 ~577 0
16 577 578 0
16 ~577 ~578 0
16 578 579 0
16 ~578 ~579 0
16 579 580 0
16 ~579 ~580 0
16 580 581 0
16 ~580 ~581 0
16 581 582 0
16 ~581 ~582 0
16 582 583 0
16 ~582 ~583 0
16 583 584 0
16 ~583 ~584 0
16 584 585 0
16 ~584 ~585 0
16 585 586 0
16 ~585 ~586 0
16 586 587 0
16 ~586 ~587 0
16 587 588 0
16 ~587 ~588 0
16 588 589 0
16 ~588 ~589 0
16 589 590 0
16 ~589 ~590 0
16 590 591 0
16 ~590 ~591 0
16 591 592 0
16 ~591 ~592 0
16 592 593 0
16 ~592 ~593 0
16 593 594 0
16 ~593 ~594 0
16 594 595 0
16 ~594 ~595 0
16 595 596 0
16 ~595 ~596 0
16 596 597 0
16 ~596 ~597 0
16 597 598 0
16 ~597 ~598 0
16 598 599 0
16 ~598 ~599 0
16 599 600 0
16 ~599 ~600 0
16 600 601 0
16 ~600 ~601 0
16 601 602 0
16 ~601 ~602 0
16 602 603 0
16 ~602 ~603 0
16 603 604 0
16 ~603 ~604 0
16 604 605 0
16 ~604 ~605 0
16 605 606 0
16 ~605 ~606 0
16 606 607 0
16 ~606 ~607 0
16 607 608 0
16 ~607 ~608 0
16 608 609 0
16 ~608 ~609 0
16 609 610 0
16 ~609 ~610 0
16 610 611 0
16 ~610 ~611 0
16 611 612 0
16 ~611 ~612 0
16 612 613 0
16 ~612 ~613 0
16 613 614 0
16 ~613 ~614 0
16 614 615 0
16 ~614 ~615 0
16 615 616 0
16 ~615 ~616 0
16 616 617 0
16 ~616 ~617 0
16 617 618 0
16 ~617 ~618 0
16 618 619 0
16 ~618 ~619 0
16 619 620 0
16 ~619 ~620 0
16 620 621 0
16 ~620 ~621 0
16 621 622 0
16 ~621 ~622 0
16 622 623 0
16 ~622 ~623 0
16 623 624 0
16 ~623 ~624 0
16 624 625 0
16 ~624 ~625 0
16 625 626 0
16 ~625 ~626 0
16 626 627 0
16 ~626 ~627 0
16 627 628 0
16 ~627 ~628 0
16 628 629 0
16 ~628 ~629 0
16 629 630 0
16 ~629 ~630 0
16 630 631 0
16 ~630 ~631 0
16 631 632 0
16 ~631 ~632 0
16 632 633 0
16 ~632 ~633 0
16 633 634 0
16 ~633 ~634 0
16 634 635 0
16 ~634 ~635 0
16 635 636 0
16 ~635 ~636 0
16 636 637 0
16 ~636 ~637 0
16 637 638 0
16 ~637 ~638 0
16 638 639 0
16 ~638 ~639 0
16 639 640 0
16 ~639 ~640 0
16 640 641 0
16 ~640 ~641 0
16 641 642 0
16 ~641 ~642 0
16 642 643 0
16 ~642 ~643 0
16 643 644 0
16 ~643 ~644 0
16 644 645 0
16 ~644 ~645 0
16 645 646 0
16 ~645 ~646 0
16 646 647 0
16 ~646 ~647 0
16 647 648 0
16 ~647 ~648 0
16 648 649 0
16 ~648 ~649 0
16 649 650 0
16 ~649 ~650 0
16 650 651 0
16 ~650 ~651 0
16 651 652 0
16 ~651 ~652 0
16 652 653 0
16 ~652 ~653 0
16 653 654 0
16 ~653 ~654 0
16 654 655 0
16 ~654 ~655 0
16 655 656 0
16 ~655 ~656 0
16 656 657 0
16 ~656 ~657 0
16 657 658 0
16 ~657 ~658 0
16 658 659 0
16 ~658 ~659 0
16 659 660 0
16 ~659 ~660 0
16 660 661 0
16 ~660 ~661 0
16 661 662 0
16 ~661 ~662 0
16 662 663 0
16 ~662 ~663 0
16 663 664 0
16 ~663 ~664 0
16 664 665 0
16 ~664 ~665 0
16 665 666 0
16 ~665 ~666 0
16 666 667 0
16 ~666 ~667 0
16 667 668 0
16 ~667 ~668 0
16 668 669 0
16 ~668 ~669 0
16 669 670 0
16 ~669 ~670 0
16 670 671 0
16 ~670 ~671 0
16 671 672 0
16 ~671 ~672 0
16 672 673 0
16 ~672 ~673 0
16 673 674 0
16 ~673 ~674 0
16 674 675 0
16 ~674 ~675 0
16 675 676 0
16 ~675 ~676 0
16 676 677 0
16 ~676 ~677 0
16 677 678 0
16 ~677 ~678 0
16 678 679 0
16 ~678 ~679 0
16 679 680 0
16 ~679 ~680 0
16 680 681 0
16 ~680 ~681 0
16 681 682 0
16 ~681 ~682 0
16 682 683 0
16 ~682 ~683 0
16 683 684 0
16 ~683 ~684 0
16 684 685 0
16 ~684 ~685 0
16 685 686 0
16 ~685 ~686 0
16 686 687 0
16 ~686 ~687 0
16 687 688 0
16 ~687 ~688 0
16 688 689 0
16 ~688 ~689 0
16 689 690 0
16 ~689 ~690 0
16 690 691 0
16 ~690 ~691 0
16 691 692 0
16 ~691 ~692 0
16 692 693 0
16 ~692 ~693 0
16 693 694 0
16 ~693 ~694 0
16 694 695 0
16 ~694 ~695 0
16 695 696 0
16 ~695 ~696 0
16 696 697 0
16 ~696 ~697 0
16 697 698 0
16 ~697 ~698 0
16 698 699 0
16 ~698 ~699 0
16 699 700 0
16 ~699 ~700 0
16 700 701 0
16 ~700 ~701 0
16 701 702 0
16 ~701 ~702 0
16 702 703 0
16 ~702 ~703 0
16 703 704 0
16 ~703 ~704 0
16 704 705 0
16 ~704 ~705 0
16 705 706 0
16 ~705 ~706 0
16 706 707 0
16 ~706 ~707 0
16 707 708 0
16 ~707 ~708 0
16 708 709 0
16 ~708 ~709 0
16 709 710 0
16 ~709 ~710 0
16 710 711 0
16 ~710 ~711 0
16 711 712 0
16 ~711 ~712 0
16 712 713 0
16 ~712 ~713 0
16 713 714 0
16 ~713 ~714 0
16 714 715 0
16 ~714 ~715 0
16 715 716 0
16 ~715 ~716 0
16 716 717 0
16 ~716 ~717 0
16 717 718 0
16 ~717 ~718 0
16 718 719 0
16 ~718 ~719 0
16 719 720 0
16 ~719 ~720 0
16 720 721 0
16 ~720 ~721 0
16 721 722 0
16 ~721 ~722 0
16 722 723 0
16 ~722 ~723 0
16 723 724 0
16 ~723 ~724 0
16 724 725 0
16 ~724 ~725 0
16 725 726 0
16 ~725 ~726 0
16 726 727 0
16 ~726 ~727 0
16 727 728 0
16 ~727 ~728 0
16 728 729 0
16 ~728 ~729 0
16 729 730 0
16 ~729 ~730 0
16 730 731 0
16 ~730 ~731 0
16 731 732 0
16 ~731 ~732 0
16 732 733 0
16 ~732 ~733 0
16 733 734 0
16 ~733 ~734 0
16 734 735 0
16 ~734 ~735 0
16 735 736 0
16 ~735 ~736 0
16 736 737 0
16 ~736 ~737 0
16 737 738 0
16 ~737 ~738 0
16 738 739 0
16 ~738 ~739 0
16 739 740 0
16 ~739 ~740 0
16 740 741 0
16 ~740 ~741 0
16 741 742 0
16 ~741 ~742 0
16 742 743 0
16 ~742 ~743 0
16 743 744 0
16 ~743 ~744 0
16 744 745 0
16 ~744 ~745 0
16 745 746 0
16 ~745 ~746 0
16 746 747 0
16 ~746 ~747 0
16 747 748 0
16 ~747 ~748 0
16 748 749 0
16 ~748 ~749 0
16 749 750 0
16 ~749 ~750 0
16 750 751 0
16 ~750 ~751 0
16 751 752 0
16 ~751 ~752 0
16 752 753 0
16 ~752 ~753 0
16 753 754 0
16 ~753 ~754 0
16 754 755 0
16 ~754 ~755 0
16 755 756 0
16 ~755 ~756 0
16 756 757 0
16 ~756 ~757 0
16 757 758 0
16 ~757 ~758 0
16 758 759 0
16 ~758 ~759 0
16 759 760 0
16 ~759 ~760 0
16 760 761 0
16 ~760 ~761 0
16 761 762 0
16 ~761 ~762 0
16 762 763 0
16 ~762 ~763 0
16 763 764 0
16 ~763 ~764 0
16 764 765 0
16 ~764 ~765 0
16 765 766 0
16 ~765 ~766 0
16 766 767 0
16 ~766 ~767 0
16 767 768 0
16 ~767 ~768 0
16 768 769 0
16 ~768 ~769 0
16 769 770 0
16 ~769 ~770 0
16 770 771 0
16 ~770 ~771 0
16 771 772 0
16 ~771 ~772 0
16 772 773 0
16 ~772 ~773 0
16 773 774 0
16 ~773 ~774 0
16 774 775 0
16 ~774 ~775 0
16 775 776 0
16 ~775 ~776 0
16 776 777 0
16 ~776 ~777 0
16 777 778 0
16 ~777 ~778 0
16 778 779 0
16 ~778 ~779 0
16 779 780 0
16 ~779 ~780 0
16 780 781 0
16 ~780 ~781 0
16 781 782 0
16 ~781 ~782 0
16 782 783 0
16 ~782 ~783 0
16 783 784 0
16 ~783 ~784 0
16 784 785 0
16 ~784 ~785 0
16 785 786 0
16 ~785 ~786 0
16 786 787 0
16 ~786 ~787 0
16 787 788 0
16 ~787 ~788 0
16 788 789 0
16 ~788 ~789 0
16 789 790 0
16 ~789 ~790 0
16 790 791 0
16 ~790 ~791 0
16 791 792 0
16 ~791 ~792 0
16 792 793 0
16 ~792 ~793 0
16 793 794 0
16 ~793 ~794 0
16 794 795 0
16 ~794 ~795 0
16 795 796 0
16 ~795 ~796 0
16 796 797 0
16 ~796 ~797 0
